yВес
Данный файл содержит информацию о том, какую половинку лучше всего выбрать.
2
nyРост
3
nyБолезни
5
nyЗарплата
4
yyЯзыки
2,5
ynyАлёна
120,0
175,0
3,0
15000,0
1,0
yЕлена
70,0
160,0
2,0
4000,0
2,0
yМой кот
4,0
20,0
1,0
-2500,0
0,0
yПётр
85,0
185,0
1,0
70000,0
2,0
yИрина
75,0
172,0
2,0
50000,0
2,0
yМама
85,0
170,0
4,0
40000,0
2,0
yНаташа
60,0
180,0
2,0
30000,0
1,0
yГалина
75,0
152,0
1,0
65000,0
2,0
yОльга
80,0
151,0
3,0
75000,0
1,0
yЗинаида
74,0
174,0
2,0
23000,0
2,0
n1
