yЦена
Данный файл содержит информацию о том, какую квартиру лучше всего выбрать.
5
nyПлощадь
3
nyУОД
3,5
nyСК
3
yyНБ
4
ynyЦСКА
63000,0
56,0
0,4
5,0
0,0
yПолежаевская
30000,0
50,0
3,0
4,0
1,0
yПр-т Вернадского
42000,0
44,0
2,0
3,0
1,0
yЮго-Западная
37000,0
38,0
1,5
3,0
0,0
yАрбатская
90000,0
33,0
0,6
5,0
0,0
yТекстильщики
30000,0
35,0
5,0
1,0
1,0
yНовокосино
36000,0
45,0
1,0
4,0
1,0
yРассказовка
32000,0
36,0
3,0
3,0
1,0
yНахимовский пр-т
44000,0
54,0
1,6
5,0
0,0
yАкадемическая
45000,0
43,0
1,4
4,0
0,0
n1
